3618
230
2647
4098
2109
7484
4849
3469
9848
5289
4491
3839
6534
5171
2845
405
3744
7793
2278
5463
6438
1489
4232
485
535
5656
842
3375
5993
8180
1885
4896
5967
249
9312
1709
474
9268
7391
9329
2922
5643
4588
9328
783
9121
3293
4840
7482
2569
9620
8940
9229
9530
8107
6588
1518
3875
7402
8932
3799
7322
5174
1973
3125
4094
7653
2186
87
9883
5788
359
8256
8272
2777
7892
9655
802
9111
660
7010
7217
5716
8096
8776
4124
4261
5264
7502
6181
7166
8147
9435
6375
7849
385
4575
3547
9126
8764
8403
1162
5346
9033
1148
6191
8855
4091
7084
2501
9674
4593
8004
8003
2369
6894
1105
3475
245
3312
6209
5674
4110
9110
7962
9299
6090
3950
4660
5061
5708
3053
6957
798
7009
5336
4208
9689
3571
5861
2970
7265
3583
7733
8504
7381
5607
7181
9922
6017
3453
1710
1833
2631
970
2217
2204
2924
9092
3836
3621
6393
1046
6898
3402
1171
7119
3748
6671
135
429
453
9246
7724
9585
6454
3565
4711
9035
2051
5150
147
9541
9870
1996
2274
669
6205
3550
5812
195
8560
4216
9298
5648
3393
333
5047
6495
2358
2527
7264
8597
203
2600
1225
3431
6787
7037
7564
456
4280
7519
9570
7620
687
6752
5565
900
6464
4185
8876
3198
7895
8531
9122
4061
7680
4624
2907
927
1767
4272
1103
6916
2456
380
4758
1714
2293
4665
777
3285
1303
9565
9501
2633
4243
5740
526
9161
8595
5617
6897
9440
7462
2951
7292
1238
7110
4687
3379
8275
7725
9031
2942
9078
2735
688
236
6149
1054
5418
5594
979
1631
8641
1038
6107
3145
2049
8944
7003
1926
5410
8052
2700
8744
9635
6255
6630
2916
7366
9104
1509
3823
3144
1122
156
6932
9998
9038
4830
4899
7674
1874
5519
6475
3860
1357
1658
2317
4191
2352
9764
5875
2795
6709
5663
1156
7812
8036
52
5283
3236
1120
296
9482
7183
1804
3759
2790
1075
3932
5510
5241
8673
5454
6146
4524
9009
9731
3940
3154
6687
6173
6319
9522
6496
9919
9783
8685
2978
5647
4038
7418
5681
6041
1764
7458
1402
7097
9220
8113
7222
5987
8372
6626
6170
2683
5722
6769
1349
7573
7880
3596
6490
6423
9443
9677
7778
3094
7354
905
9872
5942
8721
4305
2340
1342
7887
3254
7394
1800
6649
7774
132
838
9685
9526
8282
3783
8071
5281
6528
7302
4515
4431
1823
8818
427
1565
1002
3557
2698
6718
6472
7347
4541
2517
227
8617
2699
6610
6060
5374
7804
9480
1094
2708
6160
6381
1009
7419
2232
9214
5335
6039
9757
3052
2468
7352
7957
3661
3331
262
8681
8844
7478
1975
3233
3498
1881
8614
5233
2681
196
5596
5339
6405
8485
1300
1158
6753
2314
5883
5767
876
1745
8203
2540
9399
8687
6275
9264
3669
2952
8055
6462
5965
8314
7196
6292
1025
2147
8
2974
184
70
8953
1943
1891
6391
7048
6081
7443
9001
6185
8980
2503
