1770
9243
4668
1895
6819
6824
8041
1810
2920
6836
8682
8668
7501
6265
3568
8647
4021
8578
9964
7743
3144
8080
6801
9061
2275
7228
8947
3685
565
694
6773
3914
8734
2209
401
5603
9380
9322
8358
4157
2720
1168
9859
1703
1882
8169
3042
655
766
645
7964
3078
6122
4595
8671
8006
1661
5146
269
1750
3447
3664
5835
298
5392
3431
7233
8879
8432
5754
9407
667
936
8984
8605
7114
5602
5246
8482
783
4628
1450
838
1131
3974
7275
5220
7797
7571
1752
1646
1911
8905
6020
5889
6905
1849
5075
8535
2270
6043
9919
6865
8769
3938
6001
485
2094
1487
2419
7480
6439
4585
5666
2230
8921
3559
4361
3008
8676
4559
9895
467
1606
6897
3909
1446
1176
6700
1917
5276
5419
4582
4666
8653
3803
6774
986
1439
214
1094
4617
4513
8369
3680
4857
6577
5779
7494
841
9424
6784
2589
84
3303
8814
331
4299
7919
1179
9271
4643
8826
161
4320
3157
6704
7790
3352
7624
5363
7995
6616
8579
8064
3948
2638
1855
2676
5748
8342
3697
4748
7320
8162
5998
9855
782
6895
4745
9912
9843
910
2916
2380
8101
1872
3869
2763
2580
8863
5844
1812
2186
9366
563
5204
6967
2240
3468
3179
9878
8934
2770
7848
4906
8347
9567
4744
5767
3906
6556
5804
6985
3796
2931
3844
5812
2063
4444
5446
2446
7530
6333
9220
8409
6907
5993
3723
25
4807
706
2224
9506
8251
5051
7101
2850
9042
6782
5869
2642
8252
2913
274
5646
3800
8771
509
3604
3696
8533
2078
2445
3197
5852
4518
6148
8688
6685
4863
5223
8532
1774
5064
2837
3166
5674
7523
9175
6321
7141
5649
5061
587
8279
6585
1153
5771
2552
390
5291
2170
8754
5213
2950
5594
230
733
2713
9027
3981
1585
1547
1282
228
2219
7035
8510
2325
2242
4811
511
6659
6959
3532
2727
3842
7999
6206
9025
5465
5726
1291
3509
864
1992
6475
6244
1455
7039
4644
3534
5762
6719
1445
1409
9639
1099
8343
6931
6270
732
8612
5393
2514
2057
744
6342
740
4484
624
1323
1576
291
5956
7733
4655
7713
8550
6923
5708
7937
9014
6314
2191
7632
74
7126
3927
4533
337
8642
3059
3576
5219
2574
2103
1355
1873
9084
9572
6589
2258
7588
8114
7836
1324
1582
4099
9135
3204
3867
7031
2930
2124
5979
3567
8491
3665
6352
4170
7486
4660
4385
9958
4621
3056
442
3239
1649
7213
2799
1918
8050
6243
4407
9079
983
3068
2027
4609
8674
4938
5143
7422
3371
6731
9144
7394
2563
939
7066
3726
292
1333
1458
2223
1499
7358
665
3912
7140
127
4632
5436
9416
7913
5493
4118
1843
7253
2657
2158
7992
6718
6481
4227
330
9455
7903
2031
2575
904
5676
1149
523
3173
1465
1900
3919
4307
821
5461
3168
5947
633
5427
1494
5797
8399
2536
6227
8602
5414
3238
7072
950
4835
7971
7734
2221
6590
5373
1346
8563
7514
2481
8966
800
